4 79 78 91 16 75 71 49 87 90 97 30 58 3 84 
92 36 82 27 80 71 8 1 29 90 94 58 63 26 57 
63 56 86 5 71 60 27 47 16 20 28 25 22 64 17 
9 97 43 41 67 2 93 48 91 86 5 45 82 13 59 
38 98 63 8 58 89 79 56 35 81 71 49 31 95 91 
71 13 92 16 60 35 1 64 91 46 56 53 19 42 62 
59 72 69 67 4 99 91 1 47 74 37 44 60 80 11 
71 66 12 35 9 32 64 68 34 59 30 45 31 50 11 
51 53 9 94 6 7 67 4 95 62 63 74 73 86 92 
36 20 100 96 3 63 59 30 45 11 89 60 61 51 65 
11 8 70 17 74 87 88 36 59 73 27 46 44 78 41 
98 40 52 69 22 96 99 84 36 10 86 24 61 31 82 
64 56 7 74 43 47 61 53 71 40 99 67 17 91 57 
42 33 30 89 83 65 24 92 61 16 73 56 46 6 19 
2 13 44 96 11 57 48 81 98 99 12 89 63 20 30 
47 49 71 81 14 94 72 26 55 39 98 62 85 33 38 
67 28 33 29 84 80 62 79 78 60 43 18 74 99 72 
63 69 52 28 76 53 14 2 82 98 56 87 75 94 19 
55 77 51 16 8 80 76 2 97 1 63 95 73 56 78 
51 60 98 65 61 79 14 69 45 1 95 38 71 49 66 
73 17 25 52 44 26 100 41 47 68 62 91 46 32 40 
10 45 18 76 65 14 59 3 98 21 71 75 74 63 72 
33 79 85 28 3 75 74 87 14 35 83 10 47 97 57 
51 83 67 71 5 94 16 78 63 38 76 100 74 9 30 
58 36 85 32 61 71 97 96 53 80 5 51 28 42 59 
78 76 25 49 80 70 16 57 33 53 60 8 4 68 91 
56 17 74 16 39 23 11 43 54 68 45 33 9 3 62 
36 80 10 15 49 77 71 81 82 41 84 60 17 57 85 
82 31 76 4 93 18 9 12 63 41 72 17 3 7 48 
64 21 97 41 44 29 25 69 5 91 73 47 95 9 81 
77 84 36 70 54 45 33 68 37 5 39 63 55 80 95 
79 60 67 55 29 23 98 9 47 44 8 76 32 91 12 
53 96 56 85 63 92 41 99 83 4 82 37 39 13 17 
72 49 23 52 24 20 12 70 16 67 77 91 98 54 2 
67 61 86 82 53 27 32 87 30 65 23 68 77 5 36 
100 5 10 4 28 82 15 50 97 33 26 39 45 83 64 
5 69 45 9 47 76 95 28 40 68 25 34 67 30 43 
70 9 24 37 58 72 69 36 63 51 84 7 33 47 53 
43 72 51 70 66 78 61 87 24 28 11 57 47 40 52 
68 1 27 56 10 99 25 45 13 29 71 11 33 64 70 
4 66 39 22 44 100 8 19 79 18 28 77 10 97 62 
5 52 71 55 76 16 67 54 96 89 65 22 80 43 77 
45 34 98 88 85 57 59 15 27 86 92 36 16 97 20 
39 19 27 67 86 45 20 81 34 84 55 7 63 49 83 
8 82 33 47 18 89 5 67 42 24 54 57 11 2 77 
1 21 55 67 6 99 39 32 74 93 38 89 41 73 48 
75 5 94 92 45 51 24 12 99 65 49 61 67 77 62 
39 31 80 44 29 18 82 13 26 2 32 19 74 79 93 
30 72 36 75 74 12 38 66 62 54 23 42 84 10 15 
6 52 85 87 16 28 65 18 59 83 91 37 27 73 60 
