29 83 12 60 28 90 1 98 48 89 84 64 67 5 66 
83 93 11 72 90 13 87 59 76 21 65 51 22 31 4 
84 90 83 73 43 80 72 31 21 55 47 88 11 58 5 
93 2 15 65 91 27 51 3 71 66 5 44 37 35 47 
72 77 29 97 19 8 68 1 80 23 99 67 33 9 71 
26 10 38 90 53 64 40 54 66 62 71 22 5 59 9 
51 31 85 27 55 90 94 7 69 16 6 88 49 14 58 
26 75 95 15 27 11 6 32 28 67 2 50 23 61 10 
25 43 46 55 69 100 96 62 58 64 30 15 51 80 61 
55 7 21 33 69 26 65 97 44 18 98 30 42 72 52 
48 40 51 43 54 60 6 83 75 9 12 21 18 27 38 
93 96 15 9 44 10 26 41 27 56 47 20 98 67 19 
100 9 72 59 66 6 85 74 69 91 46 86 50 25 75 
42 72 41 50 15 2 28 55 83 53 99 61 65 31 1 
25 54 59 90 96 16 27 86 61 64 35 85 38 29 56 
78 30 22 79 57 76 58 91 28 8 4 29 72 34 48 
88 40 90 46 87 5 25 72 17 58 54 78 86 61 55 
16 83 86 24 10 95 15 90 3 18 26 99 74 88 76 
19 64 99 87 51 56 40 28 94 53 35 61 72 36 44 
66 50 85 20 19 55 98 74 53 23 15 94 37 2 21 
7 17 19 93 20 26 85 47 71 37 33 31 23 56 67 
18 74 68 3 93 39 57 42 12 61 64 26 54 100 80 
26 6 96 44 51 15 21 87 14 92 23 98 22 97 54 
40 14 79 8 68 71 98 24 65 9 36 28 34 41 66 
85 61 9 87 27 30 73 40 21 47 90 94 43 95 86 
57 73 93 24 95 42 100 59 50 35 87 76 66 41 2 
12 2 89 38 83 61 30 3 8 19 48 13 33 10 85 
77 34 31 18 85 90 19 76 54 46 93 5 39 94 16 
40 34 5 74 95 76 54 4 75 55 68 8 65 36 50 
35 54 86 24 56 51 77 2 43 33 92 88 48 31 22 
53 56 68 38 83 73 94 57 27 13 16 43 17 52 44 
3 57 29 78 32 85 80 9 38 22 41 61 11 82 45 
66 49 82 48 21 27 56 100 40 72 94 8 75 90 62 
83 70 39 14 6 18 74 43 91 67 23 51 7 85 50 
33 84 49 6 63 57 2 28 61 54 91 22 36 12 1 
18 29 75 13 71 93 35 21 99 20 57 1 90 36 22 
47 98 78 3 51 57 4 11 10 84 97 59 95 49 76 
75 88 45 67 18 65 46 74 17 15 53 39 13 50 68 
15 1 76 71 63 37 69 47 85 27 93 34 54 20 60 
42 64 27 68 33 43 13 59 60 30 25 21 38 40 4 
65 16 26 80 52 94 78 89 72 70 22 81 19 5 59 
86 89 2 50 99 13 31 24 76 51 40 43 68 57 10 
46 36 13 39 1 63 34 22 88 23 55 58 79 65 95 
67 18 44 30 74 93 57 77 49 19 24 5 80 69 40 
92 60 4 93 74 37 66 13 11 72 70 89 64 8 54 
7 25 36 32 69 44 8 92 78 100 96 57 87 49 80 
90 41 53 27 58 65 37 30 86 78 66 49 85 71 7 
61 6 38 29 50 98 53 41 75 52 89 84 72 3 65 
76 7 43 33 23 79 62 8 56 92 50 14 52 4 32 
8 53 36 1 79 40 89 62 11 15 45 66 20 72 73 
