95 71 15 92 68 94 17 13 83 35 28 37 33 6 48 
15 96 35 8 70 73 28 11 92 17 47 58 62 20 16 
50 67 39 64 58 6 10 26 18 44 12 97 80 45 54 
79 11 2 65 70 71 90 97 81 66 27 38 99 6 28 
65 44 92 74 1 53 99 70 96 62 66 27 58 19 5 
68 72 70 37 42 59 86 74 39 51 1 29 57 67 81 
100 40 81 52 90 50 47 51 67 73 9 37 29 28 98 
17 50 8 2 24 99 4 76 79 32 78 64 88 44 96 
87 83 28 90 72 29 36 74 95 60 82 31 41 62 39 
90 78 41 98 31 64 48 34 91 26 17 68 57 63 88 
43 45 15 85 68 72 41 37 32 75 19 24 36 58 13 
65 98 62 95 13 9 80 55 86 96 74 78 52 36 17 
47 32 31 51 25 2 91 13 85 65 8 52 41 73 16 
90 34 62 54 95 41 8 32 89 33 92 68 78 51 61 
20 1 85 74 91 98 10 8 81 70 11 73 42 27 62 
27 88 15 73 81 74 5 21 6 66 12 25 95 2 75 
55 73 75 40 98 17 89 8 24 21 77 35 93 70 13 
54 96 52 20 69 84 45 25 4 50 42 68 74 36 48 
43 93 74 34 91 90 22 50 66 42 26 100 86 95 64 
39 42 15 10 62 51 54 38 55 79 21 28 67 41 27 
9 86 52 42 76 41 15 77 6 8 2 57 93 48 20 
83 41 87 44 3 37 97 40 42 51 71 63 30 89 55 
8 49 40 11 42 67 51 56 43 9 15 96 65 59 37 
41 36 75 38 63 32 29 4 34 51 18 15 39 73 74 
87 64 84 28 31 86 35 73 94 1 21 11 59 15 47 
51 50 73 86 39 35 17 68 38 2 70 56 9 80 41 
47 43 76 27 73 62 13 98 55 14 18 65 72 32 63 
23 34 35 60 72 69 77 39 7 30 61 14 98 93 90 
67 87 66 93 12 27 58 9 33 71 78 98 94 61 60 
16 94 47 76 66 15 4 56 73 85 38 34 36 82 24 
55 69 41 99 80 19 56 40 51 26 17 100 20 29 12 
87 75 58 14 92 24 69 47 97 54 15 86 39 2 68 
14 8 36 54 7 67 24 62 6 75 40 74 26 59 2 
37 45 28 46 11 19 70 79 18 84 3 23 85 36 57 
42 51 23 65 12 80 39 53 17 61 7 58 34 99 68 
5 20 98 22 37 82 39 4 41 61 85 17 80 35 92 
45 99 71 35 1 76 3 14 34 56 19 6 90 23 25 
87 44 13 20 48 3 23 41 63 14 25 32 45 12 10 
45 28 62 72 30 75 5 85 97 76 42 38 98 18 77 
42 30 96 41 33 19 81 47 84 58 78 28 69 100 97 
48 43 68 77 70 25 14 66 100 55 56 97 32 90 54 
27 83 38 97 63 85 80 72 62 60 40 14 28 69 64 
29 3 33 5 16 98 4 71 53 95 36 94 100 63 76 
90 11 91 74 62 87 50 54 52 29 13 55 37 94 9 
69 98 25 19 54 47 23 58 93 59 51 44 73 79 33 
83 21 58 25 34 45 74 87 48 54 61 60 49 6 69 
18 3 93 88 8 91 10 17 83 20 26 92 98 59 27 
18 16 51 12 77 90 60 82 2 72 42 50 62 19 31 
6 91 96 16 7 78 35 26 55 79 75 65 5 92 33 
7 95 44 83 36 55 65 37 78 58 86 6 19 5 24 
