71 53 88 5 59 40 97 17 6 36 58 65 85 98 89 
18 84 59 49 44 37 58 91 69 10 64 35 22 42 61 
44 94 48 4 39 96 72 92 1 59 49 17 43 99 57 
12 82 15 60 25 52 69 72 78 79 7 99 20 67 95 
65 67 94 68 57 90 92 48 42 50 49 59 93 47 15 
4 80 30 16 33 84 70 56 62 100 14 12 71 6 87 
99 100 7 55 41 98 82 47 3 40 91 1 95 80 88 
62 35 72 45 56 27 58 8 41 70 78 73 65 23 71 
29 18 20 83 52 66 37 43 57 49 3 68 88 64 54 
59 60 62 86 18 69 26 39 98 50 65 14 72 95 36 
100 12 55 35 15 21 71 58 29 60 31 79 46 85 4 
5 46 41 74 66 18 12 63 67 29 90 23 64 86 71 
76 1 91 46 10 71 57 19 53 36 64 50 20 6 17 
12 80 82 30 91 44 48 71 72 38 93 88 79 58 54 
31 100 51 92 70 8 10 74 95 26 23 14 97 28 82 
8 7 63 89 50 58 20 82 78 65 69 56 95 26 61 
25 77 63 16 46 22 71 50 93 81 98 20 62 6 79 
24 46 80 82 34 51 63 11 15 83 18 9 60 78 85 
36 93 52 33 14 77 3 82 78 95 62 28 66 76 44 
99 78 75 32 12 26 46 74 92 80 1 39 69 37 13 
89 6 27 17 60 8 46 54 21 73 72 96 57 67 47 
35 42 30 98 67 76 71 58 7 14 10 46 47 19 87 
77 73 3 36 32 100 42 53 65 29 31 46 15 72 76 
64 90 3 87 48 9 100 6 34 7 77 81 93 53 5 
47 40 37 33 41 71 97 99 28 38 66 51 65 29 67 
15 40 27 100 33 48 7 9 28 51 13 85 98 4 73 
96 89 65 66 85 56 16 64 93 81 67 57 62 7 75 
76 98 2 42 97 86 90 3 46 69 6 10 53 55 13 
77 50 1 41 67 38 97 34 53 89 19 98 28 72 55 
26 25 97 23 62 38 77 7 6 82 68 11 36 81 87 
37 33 28 55 22 24 41 27 64 7 45 61 86 74 85 
92 99 9 88 73 23 25 50 81 83 49 93 71 31 59 
65 10 14 87 33 6 13 49 12 9 34 45 40 85 28 
57 28 4 58 8 86 93 30 15 88 13 73 53 22 38 
39 7 43 3 55 6 63 15 54 49 60 94 33 65 73 
89 44 28 99 3 14 43 11 95 57 98 7 29 50 19 
40 35 13 94 41 19 9 55 24 57 66 69 89 82 29 
77 69 79 80 34 21 90 39 87 58 41 67 28 32 53 
40 26 45 58 86 51 34 42 17 2 82 50 95 10 27 
63 89 58 48 61 47 79 38 37 17 77 83 74 9 87 
13 86 83 23 71 34 56 12 2 57 93 51 54 29 65 
94 86 64 55 84 43 44 21 59 90 97 15 5 32 27 
42 15 49 12 48 56 75 13 19 51 25 80 18 17 95 
24 1 37 67 21 48 8 17 41 22 74 72 15 86 79 
85 57 53 21 24 36 87 48 67 66 65 83 13 41 49 
7 3 48 67 72 88 40 97 12 63 49 41 34 46 18 
69 5 55 16 71 73 32 54 37 72 36 31 91 85 97 
14 72 88 10 35 28 84 20 13 69 68 86 78 43 94 
45 13 18 76 66 54 100 91 30 44 75 78 57 98 65 
66 33 44 89 16 63 53 84 30 62 21 69 39 83 76 
