41 98 83 29 84 92 48 10 15 59 99 89 87 43 25 
99 46 85 76 16 86 54 45 12 55 66 18 84 6 75 
76 55 57 4 38 1 51 100 41 65 10 92 5 96 34 
81 95 80 65 22 47 3 27 91 66 8 35 16 13 9 
43 68 18 46 57 49 8 58 65 70 35 2 11 66 67 
32 12 69 58 54 34 90 61 20 57 73 29 99 92 46 
97 1 63 45 60 72 61 29 21 82 94 55 84 4 50 
88 83 70 45 36 55 87 96 74 43 20 54 94 64 99 
90 64 13 86 75 85 46 4 57 28 49 63 11 34 12 
91 16 81 88 3 87 74 50 12 68 69 66 13 32 64 
2 47 29 39 74 13 85 69 12 77 31 22 80 64 23 
31 65 10 85 3 35 34 14 54 2 79 67 86 95 20 
84 23 59 9 87 95 37 55 6 13 79 45 52 63 67 
34 79 28 18 81 14 51 46 67 4 25 85 41 71 5 
77 93 15 85 79 9 22 66 86 21 44 30 24 58 48 
57 88 27 74 20 40 76 65 7 79 41 43 72 11 47 
48 55 13 32 33 73 5 69 38 43 41 24 64 42 72 
20 29 98 45 48 38 72 65 96 51 5 74 16 37 21 
70 1 4 55 74 61 75 63 3 16 96 26 79 37 49 
51 66 99 47 65 36 19 29 83 21 34 72 94 1 60 
66 22 61 21 28 34 81 3 96 83 18 43 48 32 9 
98 49 7 97 13 94 15 28 35 79 100 59 45 52 71 
65 80 56 46 34 4 51 92 98 77 1 48 25 59 44 
90 5 10 83 32 44 61 23 91 94 67 42 64 31 73 
20 28 6 23 60 56 51 97 3 5 73 62 100 66 9 
44 49 4 56 84 26 46 77 88 40 60 11 6 66 85 
65 73 5 15 30 1 18 34 25 31 85 87 96 45 82 
96 48 38 79 25 35 55 20 22 47 46 34 9 51 99 
94 15 23 98 81 53 50 38 74 28 75 12 19 46 67 
35 1 91 69 8 11 43 6 76 66 58 26 59 24 48 
8 56 52 57 54 42 83 33 16 46 60 34 91 82 100 
25 34 43 46 93 5 88 50 12 15 16 21 40 26 96 
39 34 51 91 90 56 32 24 41 47 70 100 60 33 37 
18 26 34 63 30 73 12 41 87 79 61 5 8 64 38 
58 6 79 14 89 3 54 87 72 5 19 83 50 71 75 
4 68 56 76 80 96 62 10 8 39 14 15 55 51 24 
60 82 89 49 84 94 35 55 98 53 86 54 44 80 15 
11 35 43 42 82 56 52 41 95 65 55 1 68 31 60 
49 19 8 84 13 95 90 62 99 78 100 53 89 43 56 
53 71 98 47 52 5 93 99 14 33 29 11 81 100 70 
64 53 25 15 83 76 19 23 18 2 78 72 75 69 80 
18 20 30 31 70 81 64 51 43 96 50 12 13 28 16 
89 42 98 65 60 21 34 13 8 37 25 76 12 56 93 
83 37 76 52 69 39 2 11 86 51 23 97 15 13 56 
95 62 72 6 34 57 18 84 65 54 60 92 17 15 37 
99 51 12 3 20 2 4 82 87 7 56 36 73 57 100 
80 51 61 56 95 8 26 30 24 79 89 15 48 3 98 
5 14 100 76 15 56 58 54 62 13 41 86 22 40 66 
72 100 68 80 46 27 5 75 50 35 15 65 82 17 67 
80 74 81 31 1 47 86 10 52 99 75 92 37 96 83 
