52 89 46 30 92 22 97 11 27 88 77 51 17 35 66 
68 32 34 91 94 80 36 10 24 89 72 39 14 90 54 
36 71 98 9 67 8 87 6 37 38 75 23 24 92 90 
55 25 80 100 4 67 62 79 7 51 93 72 41 35 26 
28 5 23 37 72 82 29 70 12 3 92 35 46 33 41 
70 65 41 25 31 54 4 38 60 6 82 32 46 16 57 
25 21 31 61 44 12 36 72 82 47 27 58 22 94 14 
18 4 67 73 41 27 78 75 58 90 66 100 10 96 12 
5 59 47 29 40 94 55 17 75 78 74 48 23 62 93 
2 28 65 95 6 69 63 21 58 80 72 20 75 36 24 
34 82 52 25 27 58 93 53 88 18 1 10 64 62 2 
66 41 19 12 47 65 80 61 85 89 9 8 67 44 84 
52 25 87 29 45 21 56 84 39 93 54 69 47 71 10 
17 82 8 81 13 20 2 12 25 61 79 68 44 45 31 
10 48 27 83 3 73 59 54 26 79 100 97 40 68 30 
47 48 43 67 65 44 78 89 4 8 9 100 42 53 82 
51 100 60 85 2 69 57 12 74 83 91 26 31 30 93 
12 29 41 54 47 57 49 76 97 5 36 4 77 37 79 
8 96 64 62 16 20 73 89 54 15 66 36 97 59 48 
25 51 53 23 7 2 98 55 6 33 60 61 9 68 49 
88 76 44 3 89 11 74 61 51 28 17 15 75 62 100 
77 15 74 35 68 71 89 73 56 48 85 64 16 33 3 
43 28 57 31 90 40 10 22 8 24 97 34 38 48 4 
21 44 71 92 33 95 47 32 31 62 99 63 17 41 42 
73 23 83 3 18 22 12 39 82 88 36 15 25 77 28 
4 72 98 47 44 45 88 74 58 86 26 79 29 99 1 
63 53 18 84 17 57 4 44 32 28 78 60 7 33 31 
4 79 87 99 75 74 72 85 59 10 37 39 60 90 1 
13 59 36 81 67 53 84 10 63 88 95 69 20 77 24 
51 63 22 77 36 93 13 47 3 23 35 41 34 24 98 
83 76 78 49 80 13 59 15 75 98 61 43 69 38 18 
71 100 39 48 88 83 12 86 85 34 20 25 44 65 17 
26 93 47 72 59 36 39 86 33 99 28 54 98 24 88 
36 23 27 19 35 12 55 20 31 80 39 74 96 8 51 
88 6 29 12 64 50 49 48 2 36 26 77 75 13 100 
1 83 86 64 38 5 94 17 96 20 55 22 52 60 50 
15 75 66 64 24 14 63 4 67 98 81 95 93 94 76 
31 39 13 36 33 81 83 4 44 37 77 47 48 27 61 
22 44 24 45 9 39 100 75 36 80 69 60 25 15 35 
100 45 74 64 32 58 96 66 61 39 2 37 38 49 15 
98 71 10 74 67 18 12 19 92 99 13 22 79 97 73 
23 22 88 7 79 83 72 91 74 26 11 46 8 96 55 
33 15 73 96 16 95 82 28 56 6 52 81 39 3 50 
10 93 23 87 72 33 13 69 8 25 74 95 21 58 63 
67 40 90 74 95 48 26 80 50 89 18 53 39 79 45 
13 66 68 46 78 36 38 37 11 14 63 57 86 20 19 
4 11 61 78 5 8 55 79 39 19 56 9 38 53 74 
3 72 19 32 60 8 21 70 73 83 26 59 54 45 14 
65 5 91 21 64 45 51 54 1 22 61 56 82 98 60 
55 53 32 73 36 91 56 60 5 90 37 15 44 81 28 
