75 6 66 64 41 7 5 59 78 47 2 88 63 16 12 
95 68 23 24 14 64 5 89 4 72 17 29 20 3 37 
66 69 64 25 26 22 54 24 23 41 86 81 9 49 75 
28 72 51 93 87 7 81 90 79 49 18 2 20 30 57 
38 50 20 14 75 93 67 99 15 59 36 47 19 85 74 
46 56 24 90 42 30 70 84 60 53 61 25 14 40 17 
27 66 9 45 16 75 3 52 22 88 95 19 18 99 30 
71 59 100 24 19 89 9 86 13 2 39 65 62 83 33 
36 37 84 9 10 23 3 81 17 72 89 4 71 70 27 
29 69 2 47 9 1 7 46 13 58 99 3 23 60 37 
7 48 73 42 56 35 64 11 15 80 82 55 4 24 13 
84 93 14 83 53 89 99 78 47 97 80 21 57 16 27 
56 41 68 11 27 83 73 14 7 95 100 10 18 13 94 
62 26 28 67 92 16 65 69 14 13 1 86 68 64 76 
60 83 87 86 65 11 78 17 72 27 42 90 55 67 99 
21 58 66 37 79 32 50 31 17 18 98 81 46 10 63 
32 95 28 94 25 57 11 48 86 89 27 60 96 10 16 
3 27 53 81 58 2 11 71 61 7 16 70 21 99 48 
93 40 57 3 88 94 91 28 21 2 23 14 63 16 89 
43 49 99 96 11 25 66 71 83 34 92 3 84 60 28 
99 59 30 38 52 72 18 24 25 40 37 39 82 5 80 
24 5 78 71 15 54 89 38 36 22 81 57 40 85 91 
50 66 80 54 90 97 77 14 89 53 70 22 32 46 78 
61 16 44 14 4 33 1 77 38 34 5 30 18 47 31 
35 27 36 24 75 65 90 63 82 42 85 3 25 30 32 
37 97 75 2 1 8 29 73 91 62 77 72 31 76 55 
18 2 90 41 28 54 30 91 35 23 27 89 99 56 20 
35 52 95 88 4 54 89 33 26 32 46 3 29 57 82 
99 86 10 52 68 39 90 78 79 89 85 75 36 45 63 
92 50 3 24 27 34 21 80 89 49 61 97 46 94 95 
84 3 99 51 6 37 92 35 15 32 19 65 7 61 21 
98 10 75 73 36 9 93 68 49 94 80 45 39 40 22 
28 38 24 33 26 16 68 92 47 57 5 44 69 25 93 
79 100 65 66 60 10 85 8 3 64 52 93 37 43 67 
16 32 90 100 57 67 1 4 9 8 77 85 45 7 36 
9 25 95 70 54 72 73 57 17 61 52 83 28 24 27 
92 81 46 36 2 100 95 1 76 79 45 83 66 6 59 
12 75 67 65 99 91 74 3 25 1 30 59 24 57 50 
56 2 41 91 3 92 86 55 68 16 52 82 9 60 45 
83 78 62 33 69 35 99 71 11 1 75 9 30 10 63 
73 64 55 10 18 74 77 21 75 29 86 63 16 48 83 
2 99 54 12 97 6 32 23 14 5 75 65 29 38 19 
38 7 92 14 28 18 24 8 55 30 71 69 45 52 46 
69 57 9 17 14 40 79 94 44 53 58 24 42 28 61 
48 71 26 27 88 1 87 94 30 9 62 74 79 65 47 
73 31 64 86 71 3 16 98 68 25 21 61 52 33 22 
58 39 61 59 25 6 88 34 67 14 12 84 36 56 22 
42 89 76 57 4 25 77 28 45 31 29 49 86 88 16 
96 12 21 36 45 39 1 9 22 67 30 54 40 71 42 
15 79 97 39 7 76 35 96 58 44 61 100 83 48 95 
