60 37 71 80 52 67 31 5 65 75 33 15 34 40 12 
54 55 44 10 66 100 51 3 14 46 35 93 5 24 15 
85 75 82 67 80 48 70 96 74 54 10 8 93 28 72 
57 82 79 52 43 96 51 93 98 16 39 85 8 23 56 
97 13 55 66 9 29 72 18 36 64 46 59 79 37 23 
21 85 73 13 82 88 3 18 48 46 25 70 76 59 77 
73 71 31 90 59 61 49 46 77 5 48 76 93 96 43 
60 11 83 63 28 30 8 5 51 35 27 7 85 57 97 
68 57 16 13 33 69 81 88 62 3 35 90 45 94 100 
79 56 80 8 15 84 10 50 98 36 34 45 4 1 64 
13 68 76 45 80 77 19 58 31 53 47 28 99 6 54 
78 66 21 61 75 70 10 63 77 43 59 81 44 22 45 
63 49 41 95 45 18 13 2 100 1 27 68 99 33 21 
28 98 41 88 24 62 49 38 39 91 48 71 86 69 15 
49 70 55 95 14 24 7 16 76 68 50 43 18 34 45 
83 8 32 7 70 96 60 22 44 82 64 48 33 54 47 
78 12 14 53 40 81 54 34 98 49 42 22 9 25 80 
30 8 76 89 29 71 22 40 34 69 99 67 4 13 51 
16 26 55 58 61 88 7 100 89 21 97 76 1 83 28 
66 63 98 39 3 31 7 53 97 80 57 61 83 72 38 
89 78 95 49 17 53 48 5 52 21 27 73 9 100 72 
49 33 26 79 91 78 28 71 34 88 5 57 93 72 94 
51 77 41 7 28 13 60 85 89 15 36 84 38 16 59 
93 42 29 78 81 85 35 58 77 20 82 70 22 63 37 
27 88 43 12 28 10 99 11 47 35 79 62 49 37 6 
42 17 83 22 1 69 32 77 89 13 99 62 90 58 39 
29 1 2 57 10 19 8 87 97 21 35 85 26 76 61 
49 1 29 80 30 69 92 31 65 72 23 82 53 84 61 
84 36 79 91 22 28 64 8 12 41 83 65 1 31 82 
63 46 50 54 77 32 71 68 4 93 2 8 15 85 72 
46 40 45 25 55 52 37 96 86 1 68 17 77 30 15 
79 36 91 10 6 59 65 98 12 72 64 96 13 19 89 
4 15 13 59 18 49 54 3 1 22 70 30 52 84 8 
39 74 69 44 84 86 93 95 9 8 42 100 20 60 88 
75 26 100 85 43 1 38 97 53 91 19 22 20 5 27 
60 79 47 55 62 32 99 9 93 6 50 92 77 31 51 
87 82 88 77 78 67 48 8 86 69 13 64 80 43 11 
86 56 94 84 64 89 14 29 17 75 59 20 13 93 7 
94 26 83 24 12 50 71 20 87 92 84 51 23 13 9 
81 6 44 45 85 10 72 1 36 83 20 48 27 78 94 
52 61 69 64 62 39 35 100 82 18 50 5 95 14 65 
75 72 8 71 15 92 80 38 45 16 98 94 60 50 6 
28 65 19 18 99 52 68 20 56 62 33 72 88 4 31 
59 70 75 38 8 19 5 79 34 71 77 30 26 84 9 
42 2 26 92 20 77 59 39 84 72 23 55 27 38 17 
96 12 7 55 30 11 34 15 33 10 94 62 87 77 70 
80 79 47 71 50 24 81 40 59 52 62 66 10 3 88 
14 85 42 95 47 75 9 79 36 54 92 74 31 61 5 
61 59 75 62 82 55 1 93 58 14 20 54 60 98 41 
25 34 19 80 61 79 10 48 33 1 22 15 13 78 27 
