48 83 91 87 99 60 70 17 89 24 56 11 22 42 66 
12 48 93 98 95 51 91 11 64 73 39 19 38 45 62 
76 27 12 36 48 81 71 87 40 10 80 5 21 79 97 
19 74 47 30 64 10 93 88 100 55 59 37 99 20 13 
77 83 100 25 63 27 47 51 65 86 60 44 90 80 23 
87 50 48 85 32 63 94 24 45 31 8 82 29 79 46 
6 62 97 82 24 23 28 26 88 14 85 83 3 17 57 
41 66 4 26 97 71 73 68 16 3 27 49 31 6 94 
88 19 42 21 94 64 49 20 3 62 4 38 16 57 98 
34 63 4 6 30 71 60 9 19 91 14 64 84 5 51 
77 21 99 48 75 12 52 79 23 6 87 60 3 20 46 
17 76 3 99 46 63 7 65 5 72 80 34 55 85 36 
83 57 86 31 97 82 43 28 56 100 14 68 54 34 13 
22 61 15 72 6 77 78 81 1 2 67 7 38 90 94 
88 20 24 36 53 18 63 60 69 29 27 22 62 91 44 
22 6 15 79 34 45 53 67 97 33 4 43 86 93 88 
25 64 63 61 68 33 75 27 1 3 54 23 16 44 18 
89 1 84 68 35 28 72 53 77 85 80 71 70 24 58 
95 87 20 7 54 52 33 32 53 88 85 27 3 81 96 
44 33 79 63 19 59 34 71 35 10 55 14 80 77 89 
89 23 75 8 81 80 12 13 11 16 100 48 94 55 98 
12 67 31 77 45 53 11 6 8 76 37 36 64 25 58 
90 84 38 69 47 2 32 14 54 31 7 8 10 95 57 
73 14 68 55 42 64 8 53 69 67 28 57 2 92 81 
11 33 16 100 2 63 1 85 76 54 15 35 13 24 81 
21 48 46 40 3 88 55 10 75 28 19 31 81 62 63 
91 95 79 42 48 93 94 32 20 100 46 54 64 21 35 
85 68 80 76 70 19 31 58 5 77 88 90 50 32 84 
80 73 31 24 19 62 44 18 59 97 81 79 83 17 47 
15 93 68 33 23 99 43 79 8 71 66 50 60 81 96 
47 6 26 71 24 40 66 41 98 14 21 29 49 38 75 
63 82 94 47 56 44 41 34 4 11 52 53 23 71 85 
18 69 90 95 91 13 34 56 5 84 70 78 64 67 32 
48 83 78 3 27 19 88 82 81 91 34 13 18 20 60 
15 72 24 100 28 29 35 49 6 98 66 87 71 70 78 
25 48 64 29 7 14 31 19 83 3 100 42 69 72 66 
20 51 46 55 99 52 16 74 91 64 96 12 41 59 89 
83 39 17 89 4 99 8 86 53 59 28 21 82 45 93 
32 90 47 82 92 50 97 17 40 60 12 3 1 31 13 
41 65 51 57 6 54 7 40 12 23 19 84 5 15 76 
88 56 22 70 47 24 66 63 15 26 18 78 30 72 33 
26 77 86 84 41 95 64 47 79 20 61 54 7 68 28 
76 14 51 94 28 17 71 53 34 100 60 16 69 32 48 
46 8 33 29 1 62 76 16 54 35 21 59 93 40 38 
21 54 40 14 33 57 36 38 42 35 97 3 80 4 48 
88 89 28 50 3 9 8 81 19 21 56 53 26 96 66 
10 4 1 47 45 87 96 2 89 75 5 88 14 16 53 
46 18 7 78 95 87 96 28 59 3 80 36 98 53 50 
96 98 37 91 99 25 18 55 65 31 100 80 36 97 49 
42 3 78 89 73 16 52 76 47 40 25 44 37 30 94 
