3 23 76 22 86 87 17 83 98 74 57 21 7 96 43 
45 12 37 80 83 40 70 90 78 38 31 63 36 85 32 
10 12 53 96 98 22 78 47 95 51 4 67 57 61 54 
15 97 85 49 37 6 91 66 43 21 80 20 8 64 52 
18 75 56 65 72 29 94 71 23 44 74 89 53 76 50 
58 90 98 94 39 34 99 81 51 41 1 31 13 61 46 
16 30 21 71 46 44 52 39 14 74 34 15 86 67 95 
56 13 88 46 99 86 26 1 79 31 91 29 58 20 80 
65 96 31 55 62 5 88 100 71 26 66 86 20 74 50 
60 71 48 45 49 75 79 31 17 69 59 74 40 11 54 
56 7 84 10 68 40 97 67 22 85 47 94 53 80 96 
49 80 96 24 58 79 40 78 37 66 17 100 19 6 54 
33 73 94 82 91 55 27 2 100 36 50 52 68 45 1 
47 93 76 5 71 67 82 59 32 51 58 50 74 63 56 
59 35 49 92 78 3 98 4 56 40 5 2 1 94 76 
61 16 43 95 74 97 84 76 70 46 31 80 33 71 10 
85 69 65 41 66 56 97 14 98 67 71 43 42 83 58 
84 77 10 73 67 85 95 64 74 96 97 57 81 17 22 
21 34 77 70 99 43 67 65 13 62 59 95 71 42 24 
54 3 48 72 87 42 36 5 68 83 1 16 92 82 32 
13 54 65 41 23 63 83 42 80 47 3 38 94 25 31 
17 31 86 16 2 72 58 89 29 77 24 92 15 62 23 
27 68 39 19 90 53 54 83 84 52 37 73 45 62 4 
13 92 41 29 45 64 38 34 14 57 21 71 82 31 49 
49 69 19 91 73 72 57 24 10 29 20 23 84 33 14 
24 13 58 88 50 43 79 15 99 71 21 33 1 40 75 
93 63 100 49 38 9 78 58 83 61 90 96 37 2 5 
24 3 48 2 17 98 53 39 19 37 91 69 11 30 44 
55 45 95 56 82 3 33 39 85 80 32 81 36 35 83 
58 3 81 10 41 51 46 83 66 93 23 61 100 67 55 
55 48 9 39 45 35 18 76 68 51 64 23 37 98 80 
40 78 41 32 80 38 15 73 56 59 95 16 58 61 23 
64 60 31 2 50 76 37 68 3 56 70 18 78 58 16 
10 97 45 50 81 25 40 95 53 43 63 55 32 26 14 
15 80 16 42 68 35 44 23 4 14 100 13 29 9 10 
73 11 90 49 2 36 97 96 40 39 57 93 41 80 59 
55 59 74 48 26 8 43 63 56 99 75 84 60 36 9 
70 77 57 23 64 54 18 4 92 26 5 37 84 95 24 
94 20 71 19 79 14 66 41 69 17 67 5 76 55 13 
97 31 21 19 95 74 88 98 18 13 54 6 90 52 83 
71 77 54 49 90 19 41 10 87 59 66 62 13 78 58 
44 99 28 90 24 15 39 93 80 98 62 33 49 67 68 
71 43 21 19 84 91 11 94 78 70 59 39 82 89 49 
77 39 28 18 14 43 56 7 74 100 35 84 57 1 51 
27 96 23 98 79 14 8 24 43 29 35 33 63 75 91 
13 61 9 78 3 16 36 76 67 92 62 51 100 14 53 
26 9 28 23 40 93 83 63 35 49 67 25 100 16 87 
60 76 17 14 91 52 41 58 43 2 42 67 64 20 28 
43 94 67 35 28 81 69 91 82 88 4 39 98 9 59 
63 100 10 3 9 5 56 20 98 74 35 69 1 78 67 
