2 19 35 21 50 80 48 54 7 97 89 13 22 90 32 
53 15 64 84 10 21 77 14 72 51 57 8 98 40 61 
16 74 81 66 5 28 71 63 25 11 36 89 33 77 20 
85 91 83 20 57 45 93 33 10 64 66 71 80 31 48 
82 11 65 39 35 53 15 46 88 55 30 64 75 66 54 
9 86 63 53 78 95 14 93 32 88 45 8 22 55 72 
60 45 59 12 11 56 52 66 85 15 92 2 21 39 35 
57 68 29 70 60 58 1 22 67 41 66 26 62 73 98 
73 69 8 36 80 63 87 97 47 54 40 100 26 43 39 
60 99 6 88 69 66 98 21 39 64 61 5 41 74 29 
38 46 97 45 82 28 59 20 76 57 73 15 50 58 95 
9 8 100 49 28 65 46 4 61 60 1 35 88 91 80 
36 87 61 16 46 33 91 2 5 58 55 67 52 15 74 
4 63 2 20 60 75 62 34 73 96 76 61 49 88 46 
20 66 48 77 23 57 83 41 61 97 15 64 12 68 71 
69 58 43 30 15 78 68 29 53 28 77 92 3 23 12 
68 22 40 43 78 83 38 70 49 53 81 16 88 4 36 
97 46 18 39 12 95 6 40 47 33 68 90 87 42 53 
7 63 92 49 93 13 83 30 84 35 15 99 22 18 87 
18 15 4 56 78 98 14 17 96 37 85 38 91 41 81 
91 33 94 73 14 28 56 48 42 7 69 12 45 38 78 
48 94 56 97 59 24 44 60 80 40 90 69 30 50 72 
14 95 97 79 22 4 15 62 47 78 6 37 56 53 30 
63 1 88 38 44 43 50 24 35 39 92 16 20 41 33 
35 84 63 8 39 41 75 1 40 52 6 76 59 11 57 
73 11 96 55 90 60 78 24 50 21 40 69 14 79 53 
100 14 15 8 52 34 47 37 58 74 96 20 30 25 82 
84 14 93 13 90 42 34 81 10 47 59 62 46 24 29 
5 75 36 38 79 34 88 59 22 7 93 64 72 29 67 
36 70 61 69 50 67 60 84 65 83 64 21 10 51 11 
40 36 37 27 94 10 85 33 2 72 96 28 43 76 47 
79 46 7 99 47 28 18 63 34 41 26 54 50 16 89 
63 52 67 56 61 3 88 15 75 35 42 69 99 60 46 
50 6 74 19 12 36 52 53 14 57 54 41 73 95 56 
76 13 11 37 16 51 3 42 44 62 99 84 58 29 64 
54 80 27 42 83 31 7 39 85 99 63 43 17 10 67 
29 51 3 24 65 2 59 77 11 40 90 74 93 69 53 
86 3 83 92 93 67 43 56 97 96 94 12 72 1 30 
100 52 33 75 16 86 34 44 96 73 22 17 53 74 55 
55 8 98 47 27 40 54 75 36 99 66 70 67 29 69 
70 13 44 37 98 29 80 45 1 64 18 69 16 43 23 
70 51 21 68 29 60 74 3 47 72 69 98 42 87 26 
62 8 90 57 96 39 85 27 83 37 53 58 5 95 80 
26 97 52 45 25 64 18 80 10 90 48 7 83 86 84 
44 45 73 1 40 11 37 66 46 26 7 50 83 96 14 
88 93 66 32 69 29 50 48 90 91 47 49 73 84 68 
28 9 20 19 57 36 16 34 42 65 4 61 29 91 5 
46 75 25 26 76 68 66 71 16 90 7 99 57 34 77 
53 78 85 88 45 18 82 62 33 74 13 28 30 11 2 
54 36 77 78 3 42 1 70 83 7 21 39 92 27 15 
