8 50 61 15 49 1 3 23 32 43 46 70 5 10 96 
82 4 26 90 76 9 40 64 62 97 75 78 28 92 86 
29 52 4 54 51 87 48 49 57 5 18 1 100 56 26 
41 32 34 81 47 95 77 73 25 56 64 10 37 15 13 
17 70 66 20 57 13 68 16 24 30 81 1 22 55 86 
2 54 33 30 26 57 37 90 18 25 56 42 47 61 34 
11 80 46 26 3 27 94 79 8 18 31 81 24 69 34 
77 1 15 3 9 44 78 28 51 59 21 57 33 61 67 
64 58 92 18 85 86 48 44 55 79 24 78 99 9 23 
9 59 77 52 88 56 54 46 76 82 2 60 94 20 23 
52 63 93 88 48 40 31 54 70 6 32 68 66 86 18 
88 94 76 64 97 15 20 2 12 47 35 65 59 29 84 
33 32 47 25 19 46 17 1 100 86 58 31 54 23 68 
71 10 13 99 25 61 96 62 95 97 41 53 77 85 8 
23 62 78 68 19 63 35 49 57 91 18 80 89 94 40 
53 42 54 29 36 50 70 40 26 94 76 85 68 37 62 
35 66 91 6 81 25 54 48 33 74 38 2 53 78 95 
45 31 36 98 59 23 47 80 62 24 73 38 60 92 26 
21 27 92 11 32 24 87 37 71 19 10 61 20 15 38 
66 59 68 54 56 79 76 58 90 29 83 27 88 74 4 
60 52 47 22 35 70 24 93 30 85 53 49 99 42 66 
9 62 19 64 40 47 69 49 36 97 83 14 57 17 60 
16 68 95 85 27 70 77 56 54 81 53 23 74 61 84 
44 77 23 90 97 46 6 81 14 59 80 73 74 99 19 
58 78 88 87 33 42 67 41 46 89 66 24 9 34 98 
51 83 21 27 28 26 17 60 39 63 100 38 82 9 15 
69 95 99 10 14 91 7 54 56 65 78 17 50 27 67 
32 47 93 11 24 61 71 14 87 77 38 50 58 16 26 
93 67 88 58 57 94 64 65 41 33 60 51 91 66 43 
2 89 56 24 3 94 84 79 32 86 88 30 1 65 22 
67 52 32 76 98 95 92 7 87 24 66 5 74 9 70 
68 62 11 75 85 13 69 20 43 52 5 30 81 6 94 
54 72 98 85 99 47 79 90 5 65 71 70 38 31 91 
58 92 1 32 76 13 52 95 7 3 36 83 57 82 37 
80 31 73 79 77 52 20 33 68 85 3 89 74 76 15 
3 45 66 50 51 69 1 39 9 72 91 88 2 64 18 
30 15 90 62 34 74 17 23 99 1 2 29 33 96 83 
77 13 32 80 81 84 18 36 92 89 26 42 1 71 55 
90 84 41 15 100 63 14 53 16 95 81 48 42 77 54 
47 56 87 82 25 22 26 65 99 9 6 40 28 94 51 
11 86 17 100 82 63 15 76 95 69 9 43 23 55 50 
9 37 74 30 62 90 80 70 95 19 13 32 84 50 49 
46 50 30 60 64 58 54 78 15 72 100 69 73 8 57 
98 89 70 87 69 91 33 73 6 51 4 42 53 2 86 
99 17 95 4 47 72 18 70 39 43 31 40 79 92 7 
11 30 31 69 33 35 10 85 90 48 38 75 46 54 50 
100 93 67 22 16 57 46 52 55 69 20 85 12 78 96 
94 9 16 26 95 77 62 84 24 99 59 22 52 79 23 
4 71 41 25 86 98 40 32 49 46 52 20 31 16 97 
78 9 5 93 34 99 69 95 83 44 45 65 96 71 39 
