71 9 89 51 12 85 23 2 36 16 47 32 78 18 77 
39 36 5 11 38 73 87 49 57 26 76 32 96 37 20 
99 48 56 73 2 44 84 69 90 86 1 19 55 77 10 
91 81 20 28 5 59 61 31 38 58 37 33 94 8 83 
94 16 55 95 59 90 63 100 75 15 18 82 43 79 24 
75 99 3 79 57 30 91 39 34 28 48 22 13 94 82 
95 87 97 50 33 55 91 47 54 18 62 23 99 4 22 
79 52 24 57 60 53 48 50 38 27 49 12 39 42 93 
34 28 89 35 12 95 25 59 100 42 20 74 40 75 27 
61 53 30 84 62 41 88 9 90 78 87 91 89 26 32 
33 59 12 21 45 23 67 69 66 11 52 39 2 27 15 
31 47 50 92 88 38 52 29 67 39 19 7 64 3 74 
14 59 18 88 77 38 21 42 100 24 32 2 50 49 16 
81 96 65 24 83 54 76 63 20 14 82 26 29 84 64 
2 49 74 71 36 50 8 56 43 80 75 61 81 76 13 
70 92 37 4 46 12 19 17 77 100 95 5 35 58 83 
84 28 70 85 87 78 46 57 54 6 89 80 33 2 50 
25 90 5 22 1 23 38 77 74 84 33 60 42 69 64 
61 55 41 40 53 49 45 10 37 25 95 90 26 71 79 
82 92 31 57 81 59 30 65 91 90 58 80 83 86 48 
46 55 86 38 59 82 68 23 58 62 64 83 32 43 65 
75 25 21 8 84 2 72 74 43 81 6 78 66 5 23 
63 11 61 52 69 46 34 89 20 91 2 84 26 86 78 
42 60 2 14 19 85 15 90 11 10 22 16 87 39 20 
61 2 31 73 53 99 19 38 39 90 81 41 25 58 26 
2 99 37 56 12 40 78 97 50 87 19 17 25 57 86 
10 67 58 15 17 28 4 56 18 36 96 42 93 21 91 
57 51 54 12 42 32 9 44 70 79 60 95 87 96 80 
49 14 37 15 31 17 18 38 34 54 33 27 98 5 74 
89 13 24 42 77 18 25 37 61 95 15 20 41 53 68 
20 1 81 8 67 63 76 85 100 9 90 84 88 87 61 
27 53 37 21 81 54 45 17 14 91 83 85 35 52 88 
33 14 54 47 89 90 50 31 30 37 18 70 97 96 74 
85 16 54 38 13 70 3 55 4 88 39 91 77 23 83 
70 45 72 16 94 3 97 30 18 78 67 91 63 83 96 
52 47 17 55 1 20 42 90 10 32 33 86 36 68 24 
80 92 91 73 94 39 54 65 9 32 83 51 46 17 47 
97 63 3 16 35 44 5 76 37 81 82 25 49 57 56 
40 99 81 85 37 86 1 97 69 83 48 14 100 46 63 
14 60 65 29 94 61 86 37 88 74 70 69 50 18 25 
58 9 23 90 45 11 75 8 96 27 7 78 52 92 40 
72 57 100 9 45 39 83 14 7 84 31 41 91 82 35 
19 57 31 78 52 58 84 12 87 50 26 2 6 77 10 
50 15 92 64 73 28 46 7 68 89 63 23 33 58 6 
11 61 15 46 24 1 85 10 31 34 87 32 39 63 93 
40 29 37 3 1 64 7 83 89 21 84 63 54 41 68 
16 53 82 61 77 35 45 38 65 78 25 48 68 39 40 
60 68 76 14 20 39 27 22 54 99 5 17 52 98 36 
19 2 70 80 78 4 76 16 68 54 92 67 73 30 6 
84 97 82 98 17 72 11 95 45 2 33 49 51 20 67 
