10 79 71 77 85 100 64 11 54 42 19 98 29 51 56 
75 46 39 10 53 55 30 12 83 36 82 87 24 57 49 
2 27 25 38 26 88 100 79 81 37 49 30 17 99 86 
91 97 76 52 49 30 93 31 17 74 70 92 18 45 56 
42 83 81 82 11 14 18 60 44 34 10 76 58 56 27 
58 85 27 88 77 56 50 48 31 44 86 37 26 18 60 
28 84 29 39 27 63 1 7 90 58 14 69 16 98 95 
55 26 52 10 27 30 9 57 25 53 94 62 63 31 89 
42 14 18 81 92 32 50 21 38 63 41 5 12 36 59 
89 87 69 67 29 75 93 33 68 54 15 82 37 3 24 
2 72 4 94 55 36 95 28 25 10 68 30 21 3 88 
62 42 8 28 10 89 3 54 21 22 60 35 4 96 90 
27 49 13 82 94 68 17 89 47 93 98 14 22 70 69 
62 83 69 11 23 57 13 76 30 86 35 64 89 82 5 
15 31 18 48 24 37 16 64 83 9 13 82 35 43 17 
29 64 27 51 72 91 1 77 13 17 95 73 32 90 31 
100 78 47 16 60 7 28 8 88 62 75 83 79 4 46 
57 54 69 100 32 22 28 45 90 44 91 62 27 67 4 
58 66 81 4 93 10 61 52 49 22 26 31 76 87 97 
60 18 87 14 7 82 4 68 9 70 23 66 88 56 21 
20 48 82 80 99 54 76 13 57 40 69 95 36 28 12 
5 66 78 11 100 33 31 8 3 53 25 42 60 97 61 
7 30 93 57 11 98 33 75 6 41 15 35 2 54 72 
75 69 71 8 99 30 62 4 54 55 63 50 67 22 31 
59 78 41 8 62 16 66 2 82 40 88 35 45 86 12 
10 38 71 60 67 84 63 72 78 73 5 99 3 15 76 
96 75 90 63 40 91 44 31 79 78 27 16 71 95 32 
32 2 91 51 85 54 22 75 83 95 79 81 49 45 8 
44 19 97 6 10 40 1 70 31 67 37 61 15 32 16 
22 94 53 27 68 9 62 57 41 1 6 72 49 63 81 
88 64 73 9 94 91 45 3 12 77 46 79 98 92 31 
77 59 9 37 72 65 78 33 18 30 90 89 53 69 16 
41 78 9 31 75 54 33 86 30 16 79 22 99 55 32 
7 44 3 24 73 87 41 2 77 29 31 97 48 96 38 
26 56 20 100 9 53 37 90 35 52 50 75 87 70 41 
32 42 27 72 43 55 52 25 35 48 73 30 37 50 9 
1 45 13 89 86 47 40 6 2 42 32 80 33 94 56 
36 61 59 12 95 6 84 77 85 13 3 37 10 15 25 
47 13 17 52 14 10 35 53 11 84 95 28 89 2 15 
1 60 27 48 17 62 76 11 99 40 65 35 49 31 12 
96 43 28 99 8 89 34 12 20 95 45 48 36 46 14 
36 57 92 35 73 6 62 4 2 100 90 50 83 53 97 
25 32 96 33 20 81 70 100 91 14 47 26 11 13 67 
4 100 92 61 27 64 62 78 6 60 58 37 90 7 21 
9 87 16 31 6 44 85 83 55 97 96 73 53 47 64 
13 7 42 29 21 72 86 84 31 43 95 19 54 39 45 
40 7 75 78 64 18 15 47 24 63 94 49 80 46 6 
60 66 77 45 1 59 39 96 78 23 68 67 40 74 41 
70 90 10 84 36 86 46 29 34 13 20 49 44 17 6 
3 83 82 99 35 93 37 22 59 41 77 74 15 69 43 
