14 47 86 25 36 51 87 41 68 61 13 9 96 74 32 
10 79 35 94 18 51 73 82 68 83 16 71 42 31 55 
80 68 32 67 18 70 8 85 30 20 45 25 28 86 24 
62 32 93 12 4 26 31 87 41 57 82 74 39 88 6 
6 71 72 75 40 79 11 21 98 55 97 95 82 83 70 
96 14 62 7 17 87 90 55 27 82 12 60 2 99 8 
22 32 34 13 62 45 12 51 30 6 85 64 75 80 77 
36 38 46 74 79 52 60 15 11 67 17 61 26 76 82 
9 61 95 23 5 28 34 8 39 44 25 13 75 53 100 
12 98 73 91 2 24 16 86 68 84 46 11 80 6 72 
74 28 76 53 61 35 13 99 78 37 63 52 90 14 16 
39 38 58 40 61 59 8 98 27 91 96 72 54 75 77 
25 100 57 52 17 87 16 68 53 30 20 94 44 35 32 
33 44 24 46 2 31 43 80 73 90 3 78 64 32 15 
88 54 18 4 40 34 71 7 86 53 26 79 48 12 62 
80 55 85 25 9 67 20 40 92 43 69 26 71 39 13 
76 9 68 67 42 91 73 27 95 99 57 62 70 17 55 
50 77 73 69 16 29 10 85 5 35 7 96 47 82 4 
67 100 45 57 72 23 3 22 31 44 84 68 52 6 17 
28 79 37 95 94 66 5 30 70 39 88 65 38 21 68 
4 20 64 12 92 86 14 65 16 9 100 76 51 73 45 
30 51 81 77 97 46 78 68 71 66 84 8 38 52 63 
58 15 26 1 53 39 65 68 99 35 75 67 8 71 49 
10 51 25 58 49 5 36 68 75 53 35 90 54 97 99 
21 23 99 73 13 64 92 12 80 79 38 46 86 60 94 
47 10 18 5 74 92 77 1 44 28 87 85 81 83 84 
53 57 82 25 22 97 17 85 76 95 74 32 33 67 30 
42 37 34 4 62 25 80 14 20 59 100 5 92 35 88 
44 43 21 69 64 18 37 48 93 83 73 66 14 5 85 
43 99 73 29 2 86 5 81 100 25 92 83 33 68 26 
76 88 46 39 5 82 50 64 63 67 29 68 3 24 66 
27 4 19 13 8 51 12 32 42 10 24 43 79 2 18 
67 47 8 23 29 98 24 44 61 43 25 28 45 48 72 
51 63 84 10 65 95 42 7 56 53 82 98 83 67 2 
30 75 76 10 24 100 5 84 42 29 63 38 28 59 61 
30 73 44 40 38 90 81 98 85 77 95 20 60 14 21 
41 40 97 2 63 48 6 47 89 35 61 78 62 20 39 
92 34 31 81 24 63 76 73 99 53 67 19 64 80 39 
4 19 87 5 34 62 32 74 96 92 52 10 63 90 1 
7 23 83 87 98 97 15 70 95 67 89 65 30 20 4 
85 91 42 41 24 76 2 55 49 98 100 59 61 11 67 
64 93 5 13 41 19 35 87 37 23 52 18 42 7 2 
32 48 42 55 23 96 61 24 45 59 75 3 19 16 13 
37 31 57 93 43 97 64 77 83 100 51 34 18 92 71 
76 40 13 83 14 60 43 37 4 1 64 6 71 79 70 
7 9 26 52 3 74 15 32 56 66 82 42 83 85 54 
2 24 18 84 90 29 26 78 32 79 41 89 49 19 10 
8 79 35 59 34 60 25 17 15 90 98 24 93 30 77 
68 99 12 57 27 89 35 10 67 50 98 59 75 28 93 
85 61 52 77 18 50 27 78 26 2 22 55 30 89 5 
