80 11 93 34 10 46 76 91 41 50 20 97 47 36 14 
79 80 3 46 42 55 81 24 17 2 92 7 16 6 43 
86 52 36 71 13 33 46 55 74 95 22 93 61 24 40 
90 69 34 96 50 9 64 3 52 71 18 58 12 13 95 
15 100 65 79 32 62 33 57 56 58 18 66 23 10 55 
92 95 2 93 3 66 54 36 64 63 99 28 57 65 27 
73 43 11 34 75 67 41 32 97 1 62 15 10 68 6 
4 70 50 58 35 44 64 22 60 26 20 87 36 14 7 
78 24 41 52 42 81 35 39 73 100 88 45 20 89 95 
58 23 90 21 96 1 46 67 88 80 2 53 39 79 28 
79 82 69 11 16 59 84 50 23 94 30 67 46 18 61 
3 92 23 39 68 5 90 100 58 94 38 36 21 17 42 
78 84 52 13 33 62 35 79 91 2 24 60 14 26 3 
16 48 93 19 67 97 60 18 54 55 41 26 74 9 52 
92 71 64 25 84 51 55 75 4 78 86 17 41 85 54 
33 3 72 82 14 90 87 19 96 28 97 70 88 15 73 
80 37 88 56 21 38 62 47 41 91 84 10 45 24 94 
50 9 48 21 90 61 62 28 32 58 7 79 95 94 51 
26 31 38 33 51 28 94 97 68 84 80 77 56 70 29 
64 69 1 5 30 63 32 61 20 39 40 98 85 33 100 
10 15 89 42 65 16 87 13 36 70 45 64 1 52 86 
29 15 54 71 83 43 2 95 14 92 86 11 76 62 37 
85 51 30 2 66 16 53 10 17 61 65 27 55 46 97 
90 40 51 36 54 94 22 64 44 78 58 28 88 29 45 
55 95 98 40 56 14 76 69 67 93 21 90 44 62 29 
46 98 82 39 71 60 14 75 70 93 54 9 74 50 63 
20 47 54 75 12 82 43 30 74 90 51 15 33 64 78 
61 77 68 83 26 80 48 100 1 41 5 9 14 54 23 
33 53 77 59 16 10 2 46 35 43 48 49 75 11 4 
24 71 6 96 2 54 95 94 51 62 59 57 85 91 9 
13 49 76 22 2 21 8 44 68 56 70 79 50 73 96 
59 16 97 12 63 51 57 13 15 21 96 29 60 58 5 
33 59 77 40 55 45 95 24 75 97 49 28 17 96 86 
84 92 50 46 94 6 11 73 31 53 29 12 13 86 68 
97 44 37 51 40 83 26 66 79 74 45 95 69 31 13 
32 76 58 89 38 63 13 21 68 94 79 51 28 27 64 
29 86 47 55 3 77 80 48 24 1 30 54 65 13 81 
22 53 19 85 66 39 52 59 83 89 72 62 16 17 26 
96 54 24 50 57 100 30 4 23 82 85 76 46 49 67 
1 27 51 66 65 54 76 86 88 9 50 32 25 79 77 
87 1 58 42 24 39 26 51 36 59 2 85 5 44 49 
58 19 86 98 35 46 99 66 23 25 93 1 26 21 39 
26 30 80 1 20 57 52 55 82 10 8 7 47 12 2 
47 22 21 85 71 55 30 69 73 52 45 17 4 70 37 
42 47 18 21 48 89 29 51 95 10 12 2 69 58 14 
70 57 87 42 41 49 25 21 74 69 37 77 90 71 36 
94 43 35 82 72 37 76 81 1 77 49 10 42 71 66 
28 12 6 84 60 32 1 68 29 69 44 99 5 37 42 
91 70 13 28 97 45 80 26 46 89 67 16 55 47 79 
60 82 39 87 42 22 21 68 90 85 66 46 74 59 36 
