12 90 100 33 32 81 20 99 36 58 78 7 41 88 69 
92 50 23 100 6 30 71 3 5 24 4 34 86 22 98 
27 21 30 59 1 9 37 10 40 66 68 80 54 36 23 
55 10 22 60 91 44 62 93 49 85 48 34 70 31 1 
90 12 11 43 19 31 73 58 96 40 1 27 55 36 86 
14 26 29 28 71 64 18 15 38 87 45 9 48 23 20 
18 53 45 27 100 84 68 1 11 80 7 98 17 73 76 
97 52 46 26 15 92 4 54 36 93 82 44 56 16 9 
8 60 36 7 95 3 59 57 34 18 55 50 90 82 47 
93 79 24 7 67 63 46 2 55 98 47 34 65 76 42 
100 70 45 10 27 30 79 33 32 68 14 60 44 5 19 
36 71 33 34 24 87 12 21 98 37 40 90 81 41 77 
3 12 59 81 96 90 49 61 19 60 4 23 30 39 93 
62 72 68 1 36 89 33 85 77 74 41 5 67 69 37 
91 49 32 80 92 50 61 95 72 90 85 16 4 9 84 
4 44 24 88 80 52 12 53 92 16 19 17 48 39 91 
88 36 70 27 72 96 73 43 38 58 11 93 66 46 61 
21 83 40 72 94 44 64 61 15 32 53 85 51 20 76 
99 43 23 71 38 12 28 100 4 45 5 17 34 96 88 
79 40 3 92 54 35 52 6 71 46 90 77 73 72 47 
11 9 59 38 60 62 35 56 13 39 72 98 28 74 14 
19 79 48 22 84 70 75 81 59 4 5 51 52 61 35 
62 50 94 75 84 49 87 23 20 36 9 30 64 34 43 
82 12 42 4 47 11 30 28 22 85 32 72 59 35 45 
96 33 90 71 17 38 9 91 45 99 8 84 85 41 95 
79 44 41 89 26 20 62 10 4 85 69 38 68 65 86 
1 55 8 17 92 16 59 53 12 9 95 19 79 60 86 
57 55 78 98 80 50 59 42 53 44 62 11 26 79 86 
79 24 54 89 28 65 97 22 36 88 100 47 25 9 53 
55 6 85 4 16 26 8 59 87 1 22 12 80 84 92 
17 15 67 70 3 94 87 100 74 39 66 72 64 24 79 
8 73 95 33 32 5 71 78 83 63 62 26 80 76 92 
1 30 85 39 29 51 12 20 16 83 90 7 4 66 28 
66 51 59 23 21 42 100 55 5 61 80 36 88 71 18 
7 75 98 57 38 17 25 21 51 14 79 6 85 96 33 
51 46 43 73 19 85 72 41 53 76 75 63 34 89 91 
42 27 59 66 99 62 31 77 67 16 72 100 70 38 88 
78 61 60 18 45 64 93 69 91 8 24 96 51 65 22 
62 83 20 23 13 48 41 28 72 40 93 34 82 80 11 
43 91 81 39 55 25 7 45 32 68 20 80 70 36 1 
31 18 73 5 20 46 10 43 37 3 83 22 84 14 85 
78 5 65 17 11 89 75 7 73 94 52 16 13 4 98 
83 76 3 13 48 100 22 90 36 25 58 12 38 42 41 
94 58 57 56 98 84 62 70 77 39 73 92 52 42 34 
4 44 98 51 95 71 41 30 47 17 39 10 6 32 50 
100 89 59 55 87 42 69 8 70 7 33 14 10 9 95 
12 50 44 63 67 55 73 65 23 64 74 28 95 79 36 
81 86 74 54 33 44 12 65 57 73 63 20 37 16 51 
55 82 5 79 46 42 19 6 89 93 37 24 26 22 49 
99 27 81 94 90 46 2 63 70 64 35 6 75 50 56 
