96 56 51 36 53 68 17 14 52 1 87 65 28 16 75 
81 21 62 57 51 17 50 86 32 9 6 23 52 85 37 
100 92 40 35 44 7 51 57 59 3 95 75 83 10 49 
63 31 62 72 33 78 21 83 16 5 43 27 46 15 45 
49 54 79 92 61 81 19 36 43 93 18 5 32 87 6 
3 19 36 76 53 51 80 47 71 6 92 28 20 89 74 
19 67 34 100 4 87 62 48 56 18 92 49 42 74 84 
17 78 34 96 76 5 1 67 84 20 7 59 93 26 77 
78 77 96 33 63 9 32 18 26 23 56 24 97 6 7 
13 35 41 8 10 45 28 80 38 24 12 66 54 88 86 
2 21 70 19 98 44 26 30 67 23 87 74 35 14 95 
82 10 54 89 33 96 78 57 7 43 62 46 56 47 28 
68 17 26 12 42 7 78 16 94 3 51 66 97 48 77 
50 9 65 83 4 42 91 62 37 52 7 44 5 71 18 
21 96 81 14 3 58 30 48 13 32 28 12 5 29 20 
21 11 75 15 1 36 51 4 94 54 98 64 23 70 12 
3 84 66 12 65 13 24 48 77 4 27 89 60 55 80 
66 35 46 18 70 96 74 64 41 27 61 57 1 83 20 
3 66 85 14 82 49 90 29 77 93 7 65 52 61 25 
83 26 11 29 96 80 76 69 95 17 47 8 73 90 44 
1 7 28 14 88 55 68 4 47 74 21 50 34 97 33 
12 7 61 59 38 36 79 85 4 25 92 28 23 33 71 
23 39 50 88 78 77 43 97 33 89 22 5 91 7 1 
23 70 59 83 28 48 6 32 74 82 75 1 56 7 72 
78 97 21 18 74 50 60 22 34 100 43 38 90 64 19 
48 98 47 95 68 4 79 93 38 53 45 60 23 56 41 
92 82 90 3 75 54 46 12 44 47 1 59 65 48 57 
63 94 76 19 72 68 8 25 64 52 36 32 26 43 17 
24 13 19 79 87 73 50 68 22 26 86 49 82 1 94 
9 19 66 28 26 42 92 77 29 23 55 71 46 95 10 
90 73 48 14 97 81 69 98 58 6 46 92 39 100 76 
56 28 53 49 71 82 77 93 36 48 90 6 94 99 47 
66 98 12 65 94 92 85 91 2 42 88 45 100 78 44 
75 86 23 80 34 93 61 63 37 96 62 26 53 55 76 
100 72 25 11 36 18 55 60 8 13 99 52 12 77 47 
39 14 70 18 99 78 61 51 25 22 28 77 76 56 47 
80 91 34 50 97 57 9 56 70 60 7 33 36 5 23 
49 74 40 99 69 60 42 93 33 21 22 61 76 1 7 
8 91 93 9 39 49 17 94 70 76 52 55 63 57 77 
63 82 69 62 21 37 73 14 5 35 55 65 24 98 68 
77 36 68 46 82 38 73 33 44 88 89 20 2 23 63 
43 77 87 57 58 44 64 60 4 18 35 73 15 2 1 
3 70 98 84 59 23 68 54 10 9 73 11 31 13 26 
25 89 12 33 98 7 75 61 67 79 30 1 3 97 55 
55 99 76 53 34 86 75 1 39 36 9 63 46 91 23 
16 15 87 100 64 93 75 76 11 5 6 12 59 2 18 
13 52 93 17 85 78 43 37 16 98 76 88 5 55 19 
36 55 83 29 81 10 39 85 15 2 43 68 71 7 19 
63 76 55 40 18 44 7 48 41 37 75 80 24 87 11 
60 41 45 40 21 55 30 57 32 51 89 2 59 17 66 
