32 27 30 75 77 6 92 31 22 74 82 1 9 79 2 
3 33 79 91 74 4 58 26 65 55 48 53 84 93 36 
62 74 10 38 31 53 21 79 2 5 39 32 6 41 65 
85 31 90 88 15 18 92 24 91 83 60 35 19 21 8 
80 11 90 85 31 42 63 84 47 1 16 4 32 88 24 
21 27 12 88 96 55 18 20 97 53 31 23 3 90 2 
13 79 38 43 73 100 27 71 1 94 74 25 14 17 97 
92 80 84 88 86 2 59 82 6 89 64 28 91 53 81 
56 84 19 98 8 18 76 30 70 21 3 15 97 68 32 
94 60 63 29 47 49 82 57 87 45 46 14 35 50 42 
85 65 92 34 19 73 56 40 76 70 88 95 53 81 6 
16 62 52 43 60 97 30 4 94 95 91 44 41 32 28 
57 23 72 43 42 44 50 33 71 20 18 24 53 91 14 
27 6 56 86 54 85 90 48 32 43 24 63 22 33 38 
93 27 79 89 76 11 46 82 80 21 34 3 47 29 68 
3 66 74 39 55 21 70 86 63 46 1 84 78 38 29 
4 68 69 79 30 31 76 11 97 45 65 59 91 93 58 
52 84 65 24 5 2 38 50 73 27 91 53 82 58 60 
87 4 88 98 66 84 94 30 74 72 29 83 75 64 47 
98 68 1 87 70 54 60 48 45 12 30 37 41 93 40 
28 42 57 63 35 86 18 11 98 93 3 61 40 52 81 
92 39 2 45 98 49 89 61 78 95 97 19 87 88 28 
96 61 14 33 17 31 43 81 36 98 41 27 2 73 18 
40 74 62 89 23 3 49 52 98 22 87 37 20 66 33 
80 79 65 48 61 8 43 41 95 93 34 21 94 6 90 
85 32 3 73 6 57 5 22 79 91 59 50 56 81 34 
7 28 95 14 22 87 60 20 80 59 78 21 43 9 24 
67 14 32 40 22 37 61 100 79 71 1 87 13 81 72 
20 8 18 85 30 5 45 95 24 76 6 1 97 100 61 
72 67 74 3 58 96 91 70 47 41 48 56 53 80 27 
24 88 97 9 69 1 53 15 28 20 77 76 37 99 38 
63 2 95 10 44 16 8 13 56 55 20 61 87 99 84 
74 95 44 94 96 8 70 76 80 98 3 51 87 2 88 
1 55 34 10 98 49 17 63 57 24 32 52 35 78 96 
80 24 43 39 46 70 18 73 68 81 26 7 32 40 90 
81 89 59 43 45 34 29 13 95 12 16 90 63 8 6 
98 58 27 16 53 51 35 33 76 94 66 7 40 73 65 
82 69 50 62 33 44 74 49 72 63 11 31 27 68 29 
37 47 96 41 97 82 25 73 75 90 31 8 22 32 13 
56 1 63 17 33 6 90 81 30 4 44 12 31 40 19 
61 87 59 58 21 83 82 95 25 64 54 86 85 41 38 
47 57 70 5 99 3 34 2 98 45 32 12 37 73 75 
60 30 95 11 90 19 26 91 32 75 51 69 74 39 78 
58 93 63 59 90 43 1 95 44 25 22 56 54 16 2 
16 57 72 42 52 62 4 35 88 55 61 66 94 90 75 
86 52 33 27 63 79 9 23 4 30 57 46 31 25 54 
2 18 5 15 21 92 75 95 88 4 66 25 8 51 70 
77 29 30 51 32 60 80 41 5 62 17 10 15 34 67 
29 54 58 31 81 52 97 72 91 38 15 11 88 65 32 
16 93 62 19 77 21 50 69 12 85 86 26 18 52 7 
