53 95 52 66 54 59 45 62 3 46 27 6 82 38 60 
34 73 60 13 12 100 26 75 14 71 92 45 42 63 17 
46 9 20 12 15 31 8 28 33 53 6 38 56 88 75 
67 73 100 78 85 63 77 89 91 80 35 26 95 3 24 
55 23 87 69 53 94 96 85 98 2 74 41 1 72 13 
52 49 50 14 26 64 3 68 48 34 54 25 28 56 83 
30 34 51 82 79 99 18 76 52 92 81 44 8 95 57 
8 77 20 62 96 19 49 44 75 57 91 86 60 68 55 
10 37 83 61 80 63 56 23 66 69 17 72 29 46 43 
90 41 62 37 5 12 46 47 68 83 23 79 2 78 88 
39 60 100 18 74 55 93 91 70 61 59 41 89 4 83 
31 97 96 19 38 100 30 35 99 50 17 21 28 98 68 
57 9 67 26 34 74 70 76 43 83 35 23 90 69 53 
86 65 72 75 16 53 9 14 54 26 87 82 96 36 1 
52 45 67 29 30 92 99 6 86 33 20 55 41 8 71 
57 31 45 24 35 54 90 89 76 22 26 11 29 7 40 
9 37 32 7 94 17 39 89 46 69 81 53 35 84 12 
69 89 1 9 19 76 30 96 39 51 24 45 91 32 33 
22 91 78 90 81 14 30 83 10 21 98 16 56 37 44 
10 45 14 38 75 9 76 25 84 72 67 68 5 40 34 
30 42 48 59 20 21 1 2 18 17 58 27 5 53 89 
49 19 26 75 27 1 52 63 24 18 82 80 58 91 14 
87 84 61 97 3 42 69 4 43 72 52 65 76 57 53 
76 75 78 51 53 30 2 15 54 71 96 33 28 38 46 
66 22 58 15 24 99 83 79 94 69 2 45 34 29 1 
38 57 27 16 7 80 97 60 94 2 30 42 87 10 79 
84 75 52 42 89 76 40 72 6 33 92 60 30 77 82 
15 96 9 82 54 40 78 13 33 32 95 26 18 4 5 
1 30 56 42 19 83 34 41 18 33 52 99 10 91 81 
76 87 41 57 92 80 86 64 17 51 90 34 6 46 35 
53 28 5 88 13 46 31 81 92 21 61 67 59 75 51 
84 60 7 48 29 9 89 14 86 100 38 80 5 25 92 
2 4 74 84 34 55 75 7 67 93 65 20 79 73 54 
7 81 42 72 46 79 17 51 50 93 94 3 49 68 87 
34 74 61 40 6 5 11 24 71 66 2 96 19 60 28 
13 32 74 91 55 19 59 5 20 4 98 52 17 60 85 
90 73 77 30 78 33 40 1 55 57 50 28 66 49 51 
82 3 21 93 59 92 96 57 65 99 25 35 15 49 11 
96 26 43 87 78 98 44 84 99 71 2 28 62 50 95 
5 50 39 63 41 86 71 6 84 96 82 19 10 30 81 
5 7 76 91 84 25 86 20 23 8 21 51 22 80 16 
26 82 6 89 22 92 59 79 75 54 60 45 15 78 19 
95 53 62 31 77 99 50 51 7 22 79 43 33 94 69 
14 52 57 87 43 15 66 69 21 25 35 6 12 95 19 
42 23 17 43 25 75 16 78 54 59 10 99 79 50 35 
61 92 1 78 13 21 55 8 72 20 83 66 31 77 40 
99 71 64 74 87 41 79 97 2 77 75 76 9 89 22 
61 18 34 72 11 41 43 30 53 78 47 35 54 86 33 
76 50 6 62 90 36 58 92 13 32 19 43 59 64 5 
29 50 38 52 60 78 95 42 82 24 88 16 74 48 4 
