33 18,32 -16,37 -7,29 -19,116 13,101 39,32 -4,37 45,87 8,106 63,117 -7,96 60,103 -2,66 35,58 55,30 21,105 44,85 -27,69 -4,86 67
89 18,87 3,94 54,28 63,94 17,58 41,90 -16,34 -25,62 -18,91 2,118 3,103 5,27 -30,110 -21,99 27,26 -30,25 43,54 1,29 12,45 53
109 33,27 -18,50 -9,37 -6,53 10,77 53,93 62,39 51,113 -21,62 -6,38 18,44 -7,94 28,27 5,73 2,39 64,67 48,26 -1,119 -6,74 2
84 33,88 60,75 57,43 -30,68 35,44 -11,85 -29,114 9,79 -29,95 34,105 16,79 55,44 -13,34 45,61 38,79 28,51 -3,68 9,86 41,59 37
108 -14,106 23,37 50,65 -2,102 42,113 -11,38 -26,24 64,41 -11,41 -15,59 50,45 -7,80 -5,82 -4,116 23,113 6,89 49,109 56,80 4,35 64
26 30,33 46,36 -12,42 7,109 13,24 -2,96 -1,71 6,74 35,82 -28,39 26,58 10,107 50,47 69,34 64,113 43,26 -23,21 -8,97 -6,31 36
87 -14,66 65,117 20,51 -26,35 64,78 56,22 19,47 59,49 24,109 65,20 4,40 -24,61 -8,100 40,66 13,56 35,31 53,81 -21,53 62,85 -30
58 -7,107 62,92 -16,54 23,40 -7,69 42,29 -9,98 -27,63 -20,93 59,73 32,27 35,117 -10,46 0,84 61,102 -27,86 39,115 9,55 -1,112 -23
24 63,99 -16,87 -21,89 -20,39 12,72 -5,24 29,62 23,51 38,55 65,31 -12,118 47,59 16,88 -3,47 -17,54 2,78 -16,118 -5,43 -11,56 65
81 10,92 -12,71 -16,91 52,54 -23,97 67,97 46,46 -14,42 65,63 -29,80 48,53 -12,64 53,64 -11,22 2,86 -14,92 8,106 -7,24 27,25 60
36 4,107 63,30 36,30 54,81 -25,106 -9,55 41,111 49,27 57,71 -21,39 -13,97 13,28 33,38 34,93 45,75 59,30 64,103 42,80 15,77 43
22 65,66 8,38 8,89 -5,45 -10,107 67,110 34,112 20,100 33,34 23,110 -9,62 -30,36 47,45 -2,94 4,22 47,49 18,35 17,58 6,45 -14
29 -18,85 69,48 -21,21 -22,92 37,81 33,109 -26,35 27,53 10,105 -22,94 9,105 25,60 22,75 48,108 50,66 67,64 -19,68 42,41 19,101 63
37 12,28 28,118 46,35 2,36 22,112 13,112 47,118 2,49 -25,82 -13,105 -21,35 -1,40 -15,74 63,85 5,59 4,49 17,112 50,43 29,32 62
31 -26,55 25,53 55,59 -16,111 -28,51 -2,31 68,30 53,34 34,97 1,71 -14,37 50,35 31,80 61,40 -6,103 53,100 40,59 35,27 48,99 20
100 33,99 13,33 11,99 49,77 -22,30 -22,96 49,60 61,60 23,102 30,49 -13,64 32,59 5,47 17,33 -23,117 16,42 -2,61 5,89 42,35 48
100 47,106 26,77 49,68 67,52 52,30 31,72 -24,43 61,61 -27,110 -24,82 10,24 54,88 68,39 60,90 56,88 21,36 -23,79 -5,106 29,94 40
62 54,103 16,62 29,57 53,82 50,62 -6,40 68,28 58,116 49,50 -11,38 21,42 4,78 51,31 66,61 55,86 5,90 19,101 -18,28 40,68 40
70 12,66 -8,60 -24,31 59,58 63,80 26,64 52,62 -28,35 23,118 26,58 -14,63 30,86 -6,45 44,67 43,117 67,87 65,40 29,22 53,68 10
96 30,68 43,114 60,95 -20,115 -4,38 3,62 32,114 -22,106 41,55 3,64 54,103 -19,99 25,90 51,58 41,93 36,103 -9,59 48,31 37,108 28
65 -24,112 57,88 8,68 -23,29 5,60 -25,39 45,88 20,50 60,104 -10,33 27,59 67,51 0,95 64,117 -15,73 64,93 15,102 12,55 52,69 66
37 11,21 58,89 -9,58 69,31 -8,92 -5,52 -19,94 33,113 -29,77 13,36 -20,57 59,27 -11,103 64,21 54,62 40,98 13,78 17,36 67,118 50
91 40,25 25,53 1,38 -3,52 -2,90 -30,110 29,109 20,99 43,116 2,29 9,23 57,54 -17,54 21,30 3,51 4,75 58,109 11,39 30,40 -27
60 12,23 52,21 62,52 50,37 -1,85 -3,88 -10,86 -28,53 -29,25 66,106 6,50 63,44 41,54 65,103 24,118 -7,116 -29,78 68,66 60,50 -15
91 17,114 9,87 31,114 -29,34 69,117 -30,56 49,113 -18,22 -2,28 56,54 28,81 1,32 -11,101 -20,82 33,45 3,31 42,45 48,53 -11,51 17
90 50,119 -24,79 62,91 -16,92 1,72 29,61 -17,62 23,105 -7,35 69,58 63,52 19,85 27,100 20,48 -19,117 69,112 18,77 -27,112 50,89 35
31 -9,96 23,107 -12,78 42,113 44,91 1,87 25,53 2,85 -17,102 15,44 1,64 38,99 24,44 -7,54 63,108 68,87 -14,23 24,54 31,46 49
55 19,31 24,76 14,58 -9,29 42,39 55,75 -15,74 56,89 0,30 26,95 68,26 12,87 -21,116 -29,90 44,53 28,95 14,32 2,60 -27,25 -29
95 -6,106 1,112 10,37 31,42 -3,89 68,98 45,112 15,104 59,118 -23,35 1,85 13,47 -1,95 -11,52 2,40 -22,29 -23,111 -29,119 -22,34 -8
108 6,92 36,31 34,31 18,25 31,27 -9,113 -6,36 42,73 61,112 8,95 34,118 6,91 59,109 41,69 26,65 7,112 39,23 25,53 36,75 61
100 32,84 -5,106 50,117 62,43 11,50 68,26 -2,107 -1,89 46,72 40,104 67,28 46,86 33,104 22,102 9,63 32,22 -23,107 58,59 6,100 32
98 32,32 6,62 69,85 -19,48 -12,54 -18,87 12,61 56,77 -5,58 9,84 3,21 -12,112 10,79 1,49 9,65 29,74 27,115 66,29 -18,80 7
50 64,21 20,108 64,56 15,39 -4,105 6,79 8,74 -27,51 -17,54 30,25 49,39 -19,108 36,27 67,98 -11,106 31,33 10,31 -29,54 17,119 -24
45 54,114 54,94 18,59 -25,34 43,37 41,24 58,102 62,74 11,62 3,81 -2,66 -4,40 27,100 25,76 49,33 51,35 -23,37 59,27 26,67 43
101 34,116 7,73 48,101 29,92 -7,64 55,24 60,31 -6,67 13,51 25,94 14,56 59,23 -25,51 -19,33 48,104 64,114 51,51 69,31 -17,31 5
108 25,40 14,66 54,89 15,47 22,21 24,117 59,63 22,67 44,83 30,24 -30,75 21,53 8,70 66,23 -17,52 62,89 -26,56 -15,108 27,32 38
30 -17,42 29,75 -13,31 -28,64 -3,82 -30,99 39,71 -18,80 24,80 33,87 62,27 6,69 66,23 59,25 -14,77 -15,101 1,46 58,21 60,110 15
37 -25,65 18,46 67,80 56,23 42,70 40,85 -21,79 36,25 32,75 -19,50 -17,98 34,116 27,72 67,67 65,114 -14,72 62,84 48,61 46,37 14
68 -11,34 35,48 -5,51 56,60 57,69 -8,72 -3,106 -30,104 61,70 53,106 14,119 60,56 -15,40 47,63 7,93 14,76 10,29 7,85 63,43 -25
52 42,48 6,71 36,56 6,77 56,91 65,103 41,57 41,58 28,21 52,115 44,46 -26,34 57,61 2,52 34,109 34,108 39,20 9,56 7,95 15
95 69,113 28,90 0,102 30,108 53,62 6,29 -10,60 -6,80 51,28 62,117 67,77 55,39 -21,44 25,118 22,72 44,71 15,104 43,96 36,53 -14
21 -2,72 -19,20 62,107 30,45 65,73 -8,64 32,79 33,91 54,90 -8,108 -7,116 61,40 2,36 66,119 -29,33 -30,101 -13,83 52,30 20,114 5
117 69,30 12,81 39,77 55,25 -2,27 63,23 25,56 -7,107 22,92 8,26 7,59 57,74 24,89 34,25 -14,72 -28,35 32,116 -1,51 24,34 7
102 43,102 55,100 41,80 37,43 2,26 51,89 67,89 -6,71 60,60 -22,26 62,31 -8,26 -23,23 8,33 39,47 65,62 -21,52 -8,100 63,61 26
97 69,57 17,116 28,43 -30,69 -15,28 -23,28 41,101 -16,51 54,24 14,73 1,60 65,61 -6,89 43,37 33,101 17,82 -11,114 29,97 39,31 48
104 -11,106 14,63 37,31 44,72 -15,38 -25,119 -20,73 62,55 44,85 -26,109 17,71 22,38 67,83 65,86 44,46 21,65 -18,67 58,99 28,82 53
46 51,61 -5,111 16,37 48,40 52,103 -20,101 56,34 69,104 47,67 -28,23 43,25 18,57 23,57 38,31 21,72 7,104 15,34 46,111 1,26 33
86 11,93 17,48 9,119 -18,36 68,86 -11,43 42,40 30,45 -21,48 58,80 2,98 15,97 62,93 38,44 49,52 12,41 27,109 -29,117 10,85 35
110 1,57 -17,23 27,45 50,38 24,89 48,58 17,95 -14,59 -30,56 -15,100 -10,77 23,98 69,26 -3,111 41,64 52,22 51,67 28,110 43,58 -22
99 -23,59 -13,26 -16,105 68,87 44,85 17,114 -7,72 -6,94 28,23 -13,101 18,119 53,101 69,113 42,92 2,52 21,111 -7,40 68,110 -24,116 27
100 31,76 44,56 30,71 32,38 24,100 21,22 1,106 54,50 50,28 -28,32 62,25 -27,36 -4,73 28,52 -29,35 34,83 -7,110 21,103 11,86 23
116 16,24 20,49 60,106 30,90 64,34 4,59 -10,110 -23,118 13,85 52,65 2,66 30,75 58,83 8,50 -1,111 48,47 65,48 27,57 -15,89 -22
81 53,114 -30,75 6,27 23,100 -6,55 47,76 3,109 -19,42 -26,21 22,106 62,102 -17,59 -20,42 47,97 61,57 9,47 1,111 52,88 21,108 -30
95 45,49 54,29 40,115 1,94 19,55 30,61 39,46 51,99 18,30 -21,60 17,68 -11,50 61,21 20,62 11,22 -12,37 1,74 -4,73 19,29 -2
118 66,60 62,85 36,45 66,87 5,25 29,102 -25,98 34,117 1,35 61,93 -13,81 60,21 -15,88 24,37 47,54 37,45 -3,79 60,113 6,106 -18
91 14,91 -25,21 -29,90 68,53 7,62 -24,26 -27,116 29,39 34,34 6,113 -30,75 -12,47 -15,80 43,71 16,105 45,62 -21,100 14,30 -28,114 13
111 6,69 68,60 67,29 -19,33 -7,119 -24,44 24,96 -27,89 6,96 43,55 32,20 47,43 50,41 3,55 38,97 -4,24 48,96 66,96 56,27 59
81 -24,68 7,81 -6,61 52,81 -13,27 18,51 -23,45 24,60 69,60 45,87 -13,73 -7,115 0,40 -7,88 49,33 -1,106 -17,39 69,57 30,101 20
49 11,118 -17,68 -6,39 58,95 29,35 64,96 39,37 -6,71 59,119 -11,89 34,20 25,97 -11,26 -15,51 9,85 31,100 -14,94 51,112 63,89 37
25 7,33 3,26 52,77 -21,92 -21,100 11,93 50,68 21,72 -24,86 53,65 53,64 -4,119 40,27 13,36 -2,30 -9,37 45,74 -7,78 34,104 0
93 34,43 16,65 -7,69 67,101 37,52 -4,71 -1,24 -28,119 33,66 37,112 -22,60 31,104 17,57 64,83 -9,96 58,106 21,106 53,94 6,52 25
23 34,53 -24,113 8,29 15,21 -23,84 15,87 -25,27 -27,24 14,117 37,85 43,75 -27,44 11,106 20,49 40,77 3,55 61,59 50,101 -30,45 4
79 60,100 -3,67 9,50 21,55 50,90 22,73 47,76 0,90 64,100 -30,85 60,105 22,101 46,52 -16,97 -20,68 58,20 -2,87 69,39 20,22 24
50 42,27 5,21 33,85 41,29 68,43 -4,108 -22,98 -9,105 33,55 -16,93 53,74 -5,84 -8,44 53,92 -4,58 -28,70 15,109 -27,80 25,94 -9
25 20,68 63,78 48,34 65,61 19,81 -16,104 -14,59 18,58 -15,52 32,61 -8,36 13,39 -25,66 49,32 43,20 -13,95 -30,82 55,99 46,101 -10
97 64,55 -16,30 -4,82 -30,62 16,34 5,40 0,51 9,108 -1,90 -30,22 41,90 -1,91 2,35 -28,81 18,43 60,62 -20,24 -25,56 37,77 48
85 42,86 56,74 67,45 12,46 66,115 51,39 35,30 12,117 47,65 -20,45 -10,21 -10,50 -25,45 36,44 4,117 60,26 -15,48 31,32 -25,75 8
73 20,91 -6,35 52,39 35,79 34,47 7,104 -2,77 36,54 4,104 -20,88 51,20 -3,116 50,60 30,58 65,71 61,66 -8,88 -17,24 57,50 -14
23 28,25 9,58 32,25 42,68 59,103 -14,43 5,63 41,88 53,52 -24,51 53,69 -1,77 -13,114 32,24 -5,50 -23,55 5,66 43,69 -27,118 67
113 3,33 -14,88 -21,59 58,64 41,114 45,26 66,76 34,33 21,98 40,48 30,97 -15,67 46,108 66,51 8,113 -6,91 28,112 62,39 2,100 -14
75 -3,63 -16,43 -30,50 6,71 30,78 49,40 58,66 -11,36 4,35 17,45 30,92 66,90 -14,60 12,20 43,78 -22,20 -29,42 45,21 -26,83 -26
84 -8,55 6,30 51,75 -4,88 40,93 63,102 67,61 22,34 4,114 -16,27 -26,94 -23,26 66,54 29,20 67,84 -14,39 69,72 -1,53 -23,27 -29
49 51,66 -19,50 57,36 14,41 32,31 50,87 55,59 -5,54 43,104 56,91 -30,23 12,72 -23,44 55,35 1,58 66,84 54,80 65,43 -2,111 67
110 24,97 -21,112 -13,106 -4,110 41,32 -17,43 37,76 45,95 50,32 12,31 20,110 -2,54 20,43 -20,98 -16,27 -9,89 54,102 31,73 39,59 14
112 -27,77 -15,43 35,63 68,65 25,112 -21,78 52,57 62,105 -18,74 33,98 31,56 69,118 41,32 21,60 21,115 54,27 -25,119 0,42 64,100 38
70 42,49 -22,26 -12,72 61,50 -23,27 -22,40 65,80 -12,86 42,90 -24,96 -13,110 53,94 12,33 67,56 63,37 8,37 16,66 -7,84 21,87 16
30 44,26 0,41 36,69 58,111 41,66 37,108 7,70 33,51 -15,80 -11,80 47,78 -1,95 26,24 61,79 41,57 39,117 65,20 -11,34 -29,27 -25
44 23,92 -18,62 44,47 -5,61 9,65 23,88 -27,102 13,31 56,54 41,78 -7,60 -23,91 62,46 55,65 55,62 39,111 36,102 55,60 31,31 3
21 26,106 39,31 38,33 -8,74 69,113 34,95 56,44 16,98 20,103 -6,108 -5,113 1,111 -3,36 53,109 -3,36 12,55 24,31 16,94 46,41 -2
48 36,65 -27,72 39,21 1,91 54,27 -19,29 -30,62 22,100 -19,55 -9,58 -27,83 -4,77 -4,44 1,23 15,31 53,32 -22,106 -14,49 9,119 23
43 -24,84 54,79 29,56 9,90 41,32 30,46 45,106 53,21 33,86 26,28 -1,111 42,58 -1,61 -11,88 10,92 61,67 59,95 -24,68 33,117 40
54 -21,50 30,56 39,115 59,52 -17,118 62,63 59,37 3,39 28,72 57,118 47,99 15,86 -24,23 -16,90 -30,56 26,81 36,89 67,55 -14,107 37
50 55,32 -5,46 -1,78 15,107 32,53 55,59 34,51 -25,42 56,91 14,59 -23,21 -30,46 -8,70 31,58 59,101 -10,46 15,65 22,94 25,118 31
38 53,66 27,67 -1,35 39,88 8,34 -23,118 37,27 -6,109 27,57 49,118 40,20 -6,35 67,97 59,73 -3,70 41,30 19,100 27,50 17,98 68
106 14,77 54,83 35,80 22,94 67,104 43,88 54,69 53,101 -4,93 56,73 45,77 33,96 60,92 29,57 21,29 45,67 37,31 -19,104 41,35 28
41 69,103 59,55 3,44 -13,31 67,23 -13,45 -17,100 -29,75 -25,32 14,76 -8,92 25,109 53,86 43,27 52,103 -2,101 -11,89 -13,24 63,106 -15
63 11,52 38,74 35,41 31,90 4,26 48,76 48,53 67,33 -30,42 42,102 -25,20 -15,96 -9,52 50,35 40,116 -20,32 50,98 -12,65 21,100 -15
57 8,113 15,88 -3,62 51,47 34,74 31,42 -24,96 68,48 31,51 65,103 -3,77 65,27 57,86 23,58 68,40 46,56 -16,41 -26,61 -14,105 -10
52 61,53 -24,118 -21,77 48,42 58,45 -24,35 52,73 44,89 -11,99 29,37 -30,107 -25,34 -21,29 -23,97 17,99 -21,110 -18,88 58,93 -5,38 18
33 65,74 50,97 29,74 68,51 4,78 18,106 15,26 22,26 37,79 5,34 60,117 -25,22 35,65 -3,110 -14,95 25,31 51,55 11,61 11,59 42
47 19,92 -17,67 0,85 -25,118 46,61 34,86 8,89 -10,75 37,68 15,103 -7,20 16,25 57,107 68,48 49,42 26,48 16,89 45,97 57,53 45
83 44,59 52,84 31,22 -11,100 20,36 33,94 38,81 1,75 19,101 5,48 -27,111 26,21 -17,104 48,20 39,25 -15,63 67,117 29,78 -30,98 8
22 64,73 -2,34 -16,31 39,35 62,24 13,67 18,72 19,81 58,99 -17,77 55,100 22,102 0,31 62,102 59,102 54,55 57,33 -29,73 -6,42 39
89 -4,32 -14,46 -14,85 9,24 67,72 -17,102 55,85 -14,35 46,28 67,37 12,101 -26,49 16,25 52,43 -3,71 62,26 -14,80 54,52 48,44 59
95 -2,22 27,33 -10,45 -2,116 55,45 36,47 29,90 26,77 -2,110 50,27 64,44 35,30 55,70 64,83 44,55 8,22 60,67 38,30 42,116 28
77 44,44 6,105 17,64 12,47 4,43 4,48 17,72 60,104 24,57 17,100 42,57 52,82 6,22 -6,80 69,103 -13,45 -23,25 -20,74 19,72 3
104 -3,88 34,95 42,75 -19,46 14,79 -24,36 18,60 1,105 13,75 15,114 8,35 -11,118 42,49 22,42 51,106 28,29 -24,42 6,50 -1,67 -22
93 28,34 12,79 -24,45 14,21 50,61 65,91 -22,34 39,101 65,93 -27,49 -19,33 60,89 5,98 69,37 -5,27 12,56 43,56 17,52 31,111 3
114 54,49 35,65 65,106 -4,111 29,101 -10,43 64,82 62,101 10,112 20,37 21,65 23,97 51,72 -21,115 13,62 59,100 -7,26 -5,39 14,23 32
23 6,102 -4,102 66,91 -15,56 -15,86 23,86 33,79 13,64 -19,24 61,27 17,100 9,90 8,36 11,102 -11,23 8,27 7,36 59,53 57,24 39
