47 61,47 41,97 61,77 81,77 51,47 44,37 68,37 11,37 41,37 38
37 65,67 71,47 66,67 71,87 91,7 74,47 38,57 16,57 45,67 38
23 49,24 49,23 49,23 49,23 49,23 49,23 49,23 49,23 49,23 49
42 -3,22 39,42 -3,22 39,42 -3,22 39,42 -3,22 39,42 -3,22 39
92 12,32 12,32 12,42 22,42 16,72 22,52 42,41 14,32 32,12 12
100 -18,99 -18,98 -18,97 -18,96 -18,89 -18,69 -18,59 -18,49 -18
26 -11,26 -11,26 -11,26 -11,26 -31,26 -11,26 -11,26 -11,26 -11
104 47,114 47,104 47,100 40,94 47,104 47,104 47,104 47,104 47
73 -7,83 -7,63 -7,75 -7,73 -7,43 -1,73 -17,73 -27,73 -37,73 -47
80 22,62 22,62 22,62 22,62 22,62 22,62 22,62 22,62 22,62 22
134 60,104 60,104 60,104 60,104 60,104 60,104 60,104 60,104 60
98 24,68 24,58 24,68 24,68 24,68 24,68 24,68 24,68 24,68 24
20 21,60 21,70 21,60 21,60 21,60 21,60 21,60 21,60 21,60 21
53 66,83 66,93 66,83 66,83 66,83 66,83 66,83 66,83 66,83 66
40 44,80 44,50 44,80 44,80 44,80 44,80 44,80 44,80 44,80 44
60 57,70 57,60 57,70 57,70 57,70 57,70 57,70 57,70 57,70 57
56 43,86 43,46 43,86 43,86 43,86 43,86 43,86 43,86 43,86 43
96 -9,36 -9,46 -9,36 -9,36 -9,36 -9,36 -9,36 -9,36 -9,36 -9
62 60,72 60,62 60,72 60,72 60,72 60,72 60,72 60,72 60,72 60
21 -5,21 -5,51 -5,21 -5,21 -5,21 -5,21 -5,21 -5,21 -5,21 -5
